0
0.115065
0.170901
0.207664
0.235165
0.25712
0.275324
0.290784
0.304121
0.31575
0.325959
0.334959
0.342909
0.34993
0.356119
0.361553
0.366295
0.370397
0.373902
0.376846
0.379261
0.381172
0.382602
0.383571
0.384096
0.38419
0.383868
0.38314
0.382016
0.380506
0.378617
0.376356
0.373731
0.370746
0.367409
0.363724
0.359697
0.355333
0.350638
0.345618
0.340278
0.334626
0.328669
0.322417
0.315882
0.309093
0.302111
0.295063
0.28815
0.281607
0.275622
0.2703
0.265661
0.26094
0.256143
0.251272
0.246331
0.241325
0.236257
0.231131
0.225954
0.220729
0.215461
0.210157
0.204821
0.199458
0.194076
0.18868
0.183276
0.177869
0.172467
0.167074
0.161698
0.156344
0.151018
0.145726
0.140473
0.135265
0.130107
0.125005
0.119964
0.114987
0.110079
0.105246
0.10049
0.095815
0.0912251
0.0867234
0.0823128
0.0779963
0.0737763
0.0696554
0.0656358
0.0617194
0.0579083
0.0542042
0.0506086
0.0471231
0.043749
0.0404876
0.0373401
0.0343077
0.0313914
0.0285922
0.0259111
0.0233491
0.0209072
0.0185862
0.0163873
0.0143113
0.0123593
0.0105323
0.00883157
0.00725817
0.00581339
0.00449858
0.00331514
0.00226456
0.00134818
0.000543965
-0.000216247
-0.000996371
-0.00186281
-0.00286073
-0.00399069
-0.00525199
-0.00664392
-0.00816585
-0.00981722
-0.0115976
-0.0135065
-0.0155436
-0.0177086
-0.0200013
-0.0224215
-0.0249689
-0.0276434
-0.0304449
-0.0333731
-0.0364278
-0.0396087
-0.0429155
-0.0463478
-0.0499051
-0.0535866
-0.0573916
-0.0613192
-0.065368
-0.0695366
-0.0738234
-0.0782263
-0.082743
-0.0873707
-0.0921064
-0.0969466
-0.101887
-0.106924
-0.112051
-0.117265
-0.122558
-0.127924
-0.133357
-0.138849
-0.144393
-0.14998
-0.155601
-0.161249
-0.166913
-0.172587
-0.178259
-0.183921
-0.189565
-0.195181
-0.200762
-0.206299
-0.211784
-0.217211
-0.222572
-0.227861
-0.233072
-0.2382
-0.243241
-0.24819
-0.253042
-0.257796
-0.262447
-0.266993
-0.271433
-0.275764
-0.279985
-0.284094
-0.28809
-0.291973
-0.295742
-0.299397
-0.302936
-0.306359
-0.309667
-0.312858
-0.316007
-0.319111
-0.322163
-0.325149
-0.328052
-0.330852
-0.333534
-0.336083
-0.338488
-0.340742
-0.342838
-0.344774
-0.346546
-0.34815
-0.349584
-0.350845
-0.351928
-0.352832
-0.353551
-0.354081
-0.354418
-0.354555
-0.354488
-0.354209
-0.353712
-0.352988
-0.352028
-0.350823
-0.349362
-0.347632
-0.34562
-0.343309
-0.340683
-0.337719
-0.334396
-0.330686
-0.326556
-0.321969
-0.31688
-0.311233
-0.304962
-0.297979
-0.290176
-0.281407
-0.271474
-0.260089
-0.246817
-0.230929
-0.211027
-0.183631
0
