0.0776095
0.0866245
0.0980389
0.113665
0.138595
0.391728
0.34132
0.247861
0.208783
0.187162
0.173249
0.163466
0.156185
0.150552
0.146072
0.142439
0.139447
0.136959
0.134873
0.133117
0.131635
0.130386
0.129335
0.128456
0.127728
0.127134
0.12666
0.126292
0.126022
0.125841
0.125741
0.125715
0.125759
0.125868
0.126036
0.12626
0.126535
0.126859
0.127229
0.127639
0.128089
0.128573
0.12909
0.129634
0.130204
0.130795
0.131403
0.132021
0.132634
0.133202
0.1336
0.133504
0.132318
0.129361
0.124304
0.117409
0.109329
0.100731
0.101016
0.101297
0.101569
0.101831
0.102081
0.102319
0.102543
0.102752
0.102946
0.103122
0.103279
0.103416
0.103532
0.103627
0.103699
0.103749
0.103775
0.103778
0.103757
0.103713
0.103645
0.103555
0.103443
0.103309
0.103155
0.102981
0.102788
0.102578
0.102351
0.102109
0.101853
0.101585
0.101305
0.101016
0.100718
0.100413
0.100102
0.099786
0.099467
0.0991459
0.0988239
0.0985022
0.0981817
0.0978636
0.0975488
0.0972383
0.0969331
0.096634
0.0963418
0.0960573
0.0957813
0.0955145
0.0952576
0.0950113
0.0947763
0.0945531
0.0943425
0.0941449
0.0939612
0.0937918
0.0936374
0.0934987
0.0933764
0.0932711
0.0931837
0.0931157
0.0931368
0.0932589
0.0933673
0.0934789
0.0936131
0.0938192
0.0940448
0.0942889
0.0945509
0.0948304
0.0951271
0.0954406
0.0957707
0.0961169
0.0964789
0.0968562
0.0972484
0.097655
0.0980753
0.0985089
0.0989549
0.0994127
0.0998812
0.10036
0.100847
0.101341
0.101842
0.102347
0.102855
0.103365
0.103873
0.104378
0.104878
0.10537
0.105852
0.10632
0.106773
0.107206
0.107616
0.108002
0.108359
0.108685
0.108976
0.109231
0.109446
0.10962
0.109751
0.109836
0.109876
0.109869
0.109815
0.109716
0.10957
0.109381
0.109149
0.108876
0.108566
0.10822
0.107842
0.107435
0.107002
0.106546
0.106071
0.10558
0.105076
0.104563
0.104043
0.103519
0.102995
0.102471
0.101952
0.101438
0.100933
0.100437
0.0999519
0.0994798
0.0990215
0.0985782
0.0981509
0.0977405
0.0986543
0.0996658
0.100677
0.101591
0.102335
0.102868
0.103193
0.10334
0.103358
0.103294
0.103188
0.10307
0.102957
0.102862
0.102792
0.102752
0.102744
0.102771
0.102833
0.102932
0.10307
0.103249
0.103471
0.103738
0.104052
0.104417
0.104836
0.105312
0.105851
0.106458
0.107139
0.107901
0.108753
0.109705
0.11077
0.111963
0.113303
0.114813
0.116521
0.118464
0.120692
0.123268
0.126281
0.129855
0.134175
