0
0.0237209
0.0362901
0.0452295
0.0524125
0.0585525
0.0639939
0.0689288
0.0734751
0.0777103
0.0816877
0.0854454
0.0890114
0.0924067
0.0956472
0.0987452
0.10171
0.104549
0.107268
0.109871
0.11236
0.11474
0.117009
0.119171
0.121224
0.123169
0.125005
0.12673
0.128345
0.129848
0.131235
0.132507
0.133661
0.134694
0.135605
0.13639
0.137048
0.137577
0.137973
0.138234
0.138359
0.138344
0.138189
0.13789
0.137448
0.136861
0.136135
0.135284
0.13434
0.133348
0.13236
0.131413
0.130536
0.12959
0.128579
0.127503
0.126366
0.125169
0.123917
0.122611
0.121254
0.119851
0.118404
0.116917
0.115394
0.113839
0.112256
0.110649
0.109022
0.107379
0.105725
0.104064
0.1024
0.100738
0.0990819
0.0974355
0.095803
0.0941883
0.0925953
0.0910276
0.0894886
0.0879818
0.0865102
0.0850769
0.0836846
0.0823361
0.0810336
0.0797796
0.0785761
0.077425
0.0763282
0.0752871
0.0743032
0.0733779
0.0725123
0.0717075
0.0709644
0.0702839
0.0696666
0.0691132
0.0686243
0.0682003
0.0678417
0.0675487
0.0673218
0.0671612
0.067067
0.0670396
0.0670791
0.0671857
0.0673594
0.0676006
0.0679093
0.0682856
0.0687299
0.0692422
0.0698228
0.070472
0.07119
0.0719783
0.0728388
0.073772
0.0747783
0.0758587
0.0770153
0.0782492
0.0795616
0.0809537
0.0824267
0.0839817
0.0856201
0.087343
0.0891517
0.0910473
0.0930311
0.0951041
0.0972676
0.0995225
0.10187
0.104311
0.106845
0.109475
0.1122
0.11502
0.117937
0.120949
0.124056
0.127259
0.130555
0.133944
0.137425
0.140994
0.144649
0.148389
0.152208
0.156103
0.16007
0.164103
0.168197
0.172344
0.176539
0.180774
0.185041
0.189331
0.193636
0.197946
0.202252
0.206543
0.210811
0.215045
0.219236
0.223373
0.227448
0.23145
0.235373
0.239207
0.242944
0.246578
0.250101
0.253508
0.256794
0.259953
0.262982
0.265877
0.268634
0.271251
0.273726
0.276058
0.278245
0.280286
0.282181
0.28393
0.285532
0.286989
0.288299
0.289465
0.290486
0.291364
0.2921
0.292709
0.293183
0.293516
0.293699
0.293725
0.293588
0.293286
0.292816
0.292178
0.291375
0.290407
0.289276
0.287983
0.286531
0.284919
0.28315
0.281223
0.279141
0.276903
0.274509
0.271961
0.269257
0.266398
0.263382
0.260209
0.256878
0.253385
0.24973
0.245909
0.241919
0.237756
0.233414
0.228887
0.224168
0.219248
0.214115
0.208757
0.203158
0.197298
0.191151
0.184688
0.177867
0.170636
0.162925
0.154635
0.145624
0.135672
0.124407
0.111112
0.0939822
0
