-0.0600174
-0.0636032
-0.0682278
-0.0747457
-0.085608
-0.199997
0.334248
0.221664
0.172136
0.142858
0.122638
0.107346
0.0950845
0.0848478
0.0760461
0.0683078
0.0613851
0.0551053
0.049344
0.0440084
0.0390282
0.0343486
0.0299262
0.0257264
0.0217209
0.0178865
0.014204
0.0106573
0.00723288
0.00391943
0.000707295
-0.00241169
-0.00544441
-0.00839666
-0.0112733
-0.0140782
-0.0168148
-0.0194853
-0.0220917
-0.0246352
-0.0271163
-0.0295352
-0.0318913
-0.0341835
-0.0364102
-0.0385694
-0.0406581
-0.0426724
-0.044605
-0.0464382
-0.048121
-0.0495216
-0.0503894
-0.050421
-0.0494414
-0.0475234
-0.0449227
-0.0419275
-0.042555
-0.0431529
-0.0437192
-0.0442523
-0.044751
-0.045214
-0.0456405
-0.0460294
-0.0463796
-0.04669
-0.0469594
-0.0471868
-0.0473716
-0.0475129
-0.0476103
-0.0476634
-0.0476717
-0.0476354
-0.0475543
-0.0474287
-0.0472588
-0.0470452
-0.0467883
-0.046489
-0.0461481
-0.0457664
-0.045345
-0.044885
-0.0443875
-0.0438538
-0.0432851
-0.0426827
-0.0420478
-0.0413817
-0.0406857
-0.039961
-0.0392088
-0.0384304
-0.0376268
-0.0367991
-0.0359484
-0.0350756
-0.0341816
-0.0332672
-0.0323333
-0.0313804
-0.0304093
-0.0294205
-0.0284145
-0.0273917
-0.0263524
-0.025297
-0.0242256
-0.0231384
-0.0220354
-0.0209167
-0.0197823
-0.0186319
-0.0174653
-0.0162824
-0.0150829
-0.0138662
-0.0126321
-0.01138
-0.01011
-0.00882366
-0.0077422
-0.00731102
-0.0074956
-0.00831707
-0.00956816
-0.0108153
-0.0120493
-0.0132698
-0.014477
-0.0156713
-0.016853
-0.0180223
-0.0191796
-0.0203249
-0.0214584
-0.0225802
-0.0236902
-0.0247883
-0.0258743
-0.0269481
-0.0280091
-0.029057
-0.0300913
-0.0311112
-0.032116
-0.0331049
-0.0340767
-0.0350304
-0.0359646
-0.036878
-0.037769
-0.0386359
-0.0394769
-0.04029
-0.0410731
-0.0418241
-0.0425406
-0.0432202
-0.0438607
-0.0444595
-0.0450143
-0.0455226
-0.0459823
-0.0463912
-0.0467472
-0.0470488
-0.0472943
-0.0474827
-0.0476129
-0.0476846
-0.0476974
-0.0476516
-0.0475478
-0.0473867
-0.0471696
-0.046898
-0.0465737
-0.0461986
-0.045775
-0.0453051
-0.0447913
-0.0442361
-0.043642
-0.0430115
-0.0423468
-0.0416504
-0.0409245
-0.0401711
-0.0393923
-0.0385898
-0.0377654
-0.0369206
-0.0360566
-0.0351749
-0.0342763
-0.0333618
-0.0324322
-0.0314881
-0.03053
-0.0295584
-0.0289442
-0.0282997
-0.0275924
-0.0267948
-0.0258902
-0.0248749
-0.0237572
-0.0225524
-0.0212777
-0.0199484
-0.0185755
-0.0171659
-0.0157233
-0.0142493
-0.012744
-0.0112067
-0.00963616
-0.00803066
-0.00638836
-0.00470711
-0.00298454
-0.00121801
0.000595423
0.00245901
0.00437638
0.00635159
0.00838921
0.0104944
0.0126729
0.0149315
0.0172778
0.0197205
0.0222701
0.0249385
0.02774
0.0306918
0.0338145
0.0371334
0.0406802
0.0444945
0.0486276
0.0531471
0.0581441
0.0637465
0.07014
