-0.260089
-0.246817
-0.230929
-0.211027
-0.183631
0
0.0691224
0.050194
0.0422051
0.0376993
0.0347117
0.0325227
0.0308054
0.0293885
0.028173
0.0270973
0.0261208
0.0252154
0.0243613
0.0235437
0.0227516
0.0219765
0.0212117
0.0204519
0.019693
0.0189314
0.0181645
0.0173899
0.0166058
0.0158106
0.0150032
0.0141827
0.0133482
0.0124993
0.0116355
0.0107568
0.00986313
0.00895453
0.00803129
0.0070938
0.00614261
0.00517836
0.00420186
0.00321402
0.00221594
0.00120885
0.000194255
-0.000826041
-0.00184995
-0.00287494
-0.00389588
-0.0048968
-0.00583652
-0.00664452
-0.00724734
-0.0076077
-0.00773648
-0.00767374
-0.00828595
-0.0088783
-0.00944924
-0.00999728
-0.010521
-0.0110192
-0.0114905
-0.0119337
-0.0123478
-0.0127314
-0.0130837
-0.0134036
-0.0136902
-0.013943
-0.0141613
-0.0143447
-0.0144928
-0.0146056
-0.0146829
-0.0147248
-0.0147317
-0.0147039
-0.0146419
-0.0145463
-0.0144179
-0.0142575
-0.0140661
-0.0138446
-0.0135942
-0.0133159
-0.0130109
-0.0126804
-0.0123257
-0.0119479
-0.0115483
-0.0111282
-0.0106886
-0.0102308
-0.00975602
-0.00926525
-0.00875962
-0.00824015
-0.00770783
-0.0071636
-0.00660835
-0.00604292
-0.0054681
-0.00488462
-0.00429319
-0.00369442
-0.00308891
-0.00247721
-0.00185981
-0.00123715
-0.000609632
2.23741e-05
0.000658556
0.00129864
0.00194238
0.00258959
0.00324011
0.00389383
0.00455065
0.00521053
0.0058735
0.00653962
0.00721485
0.00790232
0.00859312
0.00928815
0.00998919
0.0107023
0.0114224
0.0121493
0.0128829
0.0136229
0.0143692
0.0151215
0.0158795
0.016643
0.0174113
0.0181841
0.0189609
0.0197408
0.0205233
0.0213075
0.0220925
0.0228771
0.0236602
0.0244406
0.0252168
0.0259872
0.02675
0.0275033
0.0282451
0.0289731
0.0296849
0.0303778
0.0310492
0.031696
0.0323153
0.0329037
0.0334579
0.0339746
0.0344503
0.0348814
0.0352645
0.0355963
0.0358735
0.036093
0.0362521
0.0363481
0.036379
0.0363429
0.0362384
0.0360647
0.0358214
0.0355084
0.0351264
0.0346763
0.0341597
0.0335785
0.0329348
0.0322313
0.0314709
0.0306567
0.0297919
0.0288798
0.027924
0.0269278
0.0258947
0.0248281
0.0237313
0.0226073
0.0214594
0.0202902
0.0191027
0.0178992
0.0166823
0.0154542
0.0142168
0.0129722
0.011722
0.0104678
0.00921115
0.00795331
0.00674833
0.00549812
0.0041973
0.00284668
0.00145307
2.74504e-05
-0.00141784
-0.00287169
-0.00432568
-0.00577434
-0.00721457
-0.00864474
-0.0100641
-0.0114726
-0.01287
-0.0142564
-0.0156322
-0.0169974
-0.0183525
-0.0196977
-0.0210337
-0.0223611
-0.0236804
-0.0249927
-0.0262988
-0.0276
-0.0288976
-0.0301932
-0.0314888
-0.0327865
-0.034089
-0.0353994
-0.0367215
-0.0380596
-0.0394193
-0.040807
-0.0422308
-0.0437009
-0.04523
-0.0468345
-0.0485357
-0.050362
-0.0523528
-0.0545632
-0.0570753
