-1.11394
-1.10199
-1.09562
-1.09099
-1.08713
-1.08366
-1.08038
-1.0772
-1.07404
-1.07085
-1.06759
-1.06423
-1.06076
-1.05714
-1.05336
-1.04941
-1.04527
-1.04093
-1.03637
-1.03159
-1.02658
-1.02132
-1.01581
-1.01005
-1.00401
-0.997704
-0.991115
-0.984241
-0.977078
-0.96962
-0.961865
-0.95381
-0.945455
-0.936797
-0.927838
-0.918579
-0.909023
-0.899173
-0.889035
-0.878615
-0.867921
-0.856962
-0.84575
-0.834299
-0.822627
-0.810765
-0.798775
-0.786772
-0.774931
-0.76346
-0.752541
-0.742297
-0.73279
-0.723236
-0.713645
-0.704023
-0.69438
-0.684724
-0.675064
-0.665408
-0.655765
-0.646143
-0.636551
-0.626997
-0.617489
-0.608035
-0.598643
-0.589319
-0.58007
-0.570904
-0.561825
-0.552839
-0.543951
-0.535165
-0.526486
-0.517915
-0.509457
-0.501112
-0.492883
-0.484769
-0.476772
-0.46889
-0.461123
-0.45347
-0.445929
-0.438497
-0.431171
-0.423948
-0.416825
-0.409798
-0.402863
-0.396014
-0.389247
-0.382557
-0.375939
-0.369387
-0.362895
-0.356458
-0.350069
-0.343723
-0.337414
-0.331134
-0.324879
-0.31864
-0.312413
-0.306189
-0.299964
-0.293729
-0.287479
-0.281206
-0.274903
-0.268565
-0.262183
-0.255751
-0.249262
-0.242708
-0.236082
-0.229377
-0.222585
-0.215693
-0.208687
-0.201559
-0.194302
-0.186907
-0.179361
-0.171653
-0.163775
-0.155715
-0.147465
-0.139014
-0.130352
-0.121468
-0.112351
-0.102991
-0.0933767
-0.0834965
-0.0733393
-0.0628938
-0.0521483
-0.0410914
-0.0297115
-0.017997
-0.00593661
0.00648108
0.0192671
0.0324323
0.0459871
0.0599415
0.0743048
0.0890859
0.104293
0.119932
0.13601
0.152531
0.169499
0.186916
0.204782
0.223095
0.241853
0.261049
0.280676
0.300725
0.321183
0.342038
0.363271
0.384865
0.406799
0.42905
0.451594
0.474406
0.497456
0.520717
0.544159
0.567751
0.591464
0.615265
0.639124
0.663011
0.686895
0.710746
0.734537
0.75824
0.781828
0.805276
0.82856
0.851658
0.874548
0.89721
0.919626
0.941779
0.963651
0.985229
1.0065
1.02745
1.04807
1.06834
1.08826
1.10783
1.12702
1.14609
1.16503
1.18382
1.20241
1.22075
1.23877
1.25643
1.27367
1.29047
1.30679
1.32263
1.33798
1.35282
1.36715
1.38098
1.3943
1.40712
1.41943
1.43123
1.44253
1.45332
1.46362
1.47341
1.48271
1.49151
1.49982
1.50764
1.51497
1.52181
1.52817
1.53405
1.53945
1.54437
1.54882
1.55279
1.55629
1.55931
1.56185
1.56391
1.56549
1.56656
1.56713
1.56717
1.56666
1.56554
1.56377
1.56123
1.55775
1.55299
1.54604
1.50095
