0
0.000352514
0.0292154
0.065231
0.104425
0.145487
0.18783
0.231138
0.275216
0.319934
0.365197
0.410934
0.457086
0.503605
0.550452
0.597589
0.644984
0.692606
0.740428
0.788422
0.836563
0.884826
0.933185
0.981615
1.03009
1.07859
1.12709
1.17555
1.22397
1.27229
1.32051
1.36859
1.4165
1.4642
1.51168
1.55888
1.60579
1.65236
1.69855
1.74432
1.78965
1.83447
1.87875
1.92244
1.96548
2.00777
2.04912
2.08917
2.12741
2.16329
2.19641
2.2266
2.25388
2.28077
2.30725
2.33331
2.35893
2.38412
2.40884
2.4331
2.45688
2.48016
2.50295
2.52522
2.54697
2.56819
2.58886
2.609
2.62857
2.64759
2.66605
2.68394
2.70126
2.718
2.73418
2.74978
2.76481
2.77928
2.79318
2.80652
2.81931
2.83155
2.84325
2.85441
2.86506
2.87519
2.88481
2.89394
2.90259
2.91077
2.91849
2.92576
2.93259
2.939
2.945
2.95061
2.95583
2.96068
2.96517
2.96932
2.97314
2.97663
2.97983
2.98273
2.98535
2.98771
2.98982
2.99168
2.99332
2.99474
2.99597
2.997
2.99786
2.99855
2.99909
2.99949
2.99977
2.99994
3
3
3
3
3
2.99997
2.99984
2.9996
2.99924
2.99874
2.99809
2.99728
2.9963
2.99513
2.99375
2.99215
2.99033
2.98825
2.98592
2.98331
2.98041
2.9772
2.97368
2.96981
2.96559
2.961
2.95602
2.95064
2.94485
2.93861
2.93192
2.92476
2.91712
2.90898
2.90032
2.89112
2.88138
2.87107
2.8602
2.84873
2.83667
2.82399
2.8107
2.79679
2.78225
2.76708
2.75127
2.73482
2.71774
2.70004
2.6817
2.66275
2.6432
2.62304
2.6023
2.58099
2.55911
2.5367
2.51376
2.49032
2.46638
2.44197
2.4171
2.3918
2.36608
2.33996
2.31346
2.28659
2.25937
2.23182
2.20394
2.17577
2.1473
2.11856
2.08956
2.0603
2.03081
2.00108
1.97113
1.94098
1.91062
1.87967
1.84808
1.81585
1.78302
1.74964
1.71579
1.68153
1.64695
1.61209
1.57701
1.54172
1.50625
1.47062
1.43484
1.39891
1.36284
1.32665
1.29033
1.25389
1.21734
1.18068
1.14392
1.10706
1.07012
1.03308
0.995972
0.958783
0.921523
0.884199
0.846813
0.809373
0.771881
0.734342
0.696762
0.659145
0.621493
0.58381
0.5461
0.508363
0.470601
0.432811
0.39499
0.357129
0.319213
0.281218
0.243101
0.204785
0.166127
0.126811
0.0859436
0
