4.53908
4.53911
4.53919
4.54201
4.54768
4.55613
4.5673
4.58115
4.59767
4.61687
4.63875
4.66334
4.69068
4.72081
4.75379
4.78967
4.82851
4.87039
4.9154
4.9636
5.0151
5.07
5.12839
5.19039
5.25612
5.3257
5.39926
5.47694
5.55887
5.64521
5.7361
5.83171
5.9322
6.03773
6.14847
6.2646
6.38629
6.51371
6.64703
6.78643
6.93207
7.08412
7.24273
7.40801
7.58005
7.75873
7.94343
8.13261
8.32348
8.51245
8.69598
8.8713
9.03661
9.20588
9.37911
9.5563
9.73744
9.92252
10.1115
10.3044
10.5011
10.7016
10.9058
11.1137
11.3252
11.5402
11.7587
11.9805
12.2056
12.4338
12.665
12.8991
13.136
13.3756
13.6178
13.8623
14.1092
14.3582
14.6093
14.8622
15.117
15.3734
15.6313
15.8907
16.1514
16.4133
16.6763
16.9403
17.2052
17.4709
17.7373
18.0044
18.2721
18.5402
18.8088
19.0778
19.3471
19.6167
19.8866
20.1566
20.4268
20.6971
20.9675
21.238
21.5086
21.7793
22.0499
22.3207
22.5915
22.8623
23.1332
23.4042
23.6752
23.9464
24.2177
24.4891
24.7607
25.0325
25.3045
25.5771
25.8504
26.1245
26.3993
26.6748
26.9514
27.2291
27.5078
27.7876
28.0685
28.3507
28.634
28.9186
29.2044
29.4914
29.7797
30.0693
30.3601
30.6522
30.9455
31.2401
31.5358
31.8328
32.1308
32.4299
32.73
33.031
33.3329
33.6355
33.9387
34.2425
34.5466
34.8509
35.1552
35.4594
35.7633
36.0665
36.369
36.6704
36.9705
37.2689
37.5655
37.8599
38.1517
38.4406
38.7264
39.0087
39.2871
39.5614
39.8312
40.0962
40.3561
40.6107
40.8596
41.1026
41.3396
41.5703
41.7945
42.0121
42.223
42.4271
42.6243
42.8146
42.998
43.1744
43.344
43.5067
43.6627
43.812
43.9547
44.0909
44.2208
44.3444
44.4621
44.5738
44.6798
44.7802
44.8753
44.9651
45.0498
45.1308
45.208
45.2815
45.3511
45.4169
45.4786
45.5364
45.5901
45.64
45.6861
45.7286
45.7677
45.8035
45.8362
45.8661
45.8932
45.9179
45.9401
45.9601
45.9781
45.9942
46.0085
46.0212
46.0324
46.0423
46.0508
46.0583
46.0647
46.0702
46.0748
46.0787
46.0819
46.0846
46.0868
46.0885
46.0898
46.0909
46.0917
46.0923
46.0928
46.0931
46.0933
46.0936
46.0938
46.094
46.0942
46.0945
46.0948
46.0952
46.0957
46.0967
