42.6752
42.6752
42.6751
42.6697
42.6588
42.6428
42.6217
42.5958
42.5652
42.5298
42.4898
42.4451
42.3959
42.3421
42.2837
42.2207
42.1531
42.0809
42.0041
41.9227
41.8366
41.746
41.6506
41.5507
41.446
41.3367
41.2228
41.1042
40.9809
40.853
40.7205
40.5834
40.4418
40.2957
40.1451
39.9901
39.8308
39.6672
39.4995
39.3278
39.1521
38.9726
38.7896
38.603
38.4133
38.2208
38.0265
37.8322
37.6408
37.4558
37.2801
37.116
36.9644
36.8121
36.6592
36.5058
36.352
36.1979
36.0436
35.8892
35.7348
35.5806
35.4266
35.2729
35.1197
34.967
34.815
34.6637
34.5132
34.3637
34.2152
34.0679
33.9217
33.7768
33.6332
33.4911
33.3505
33.2114
33.0739
32.938
32.8038
32.6714
32.5408
32.4119
32.2849
32.1597
32.0363
31.9149
31.7954
31.6777
31.562
31.4482
31.3363
31.2263
31.1182
31.012
30.9078
30.8054
30.7049
30.6064
30.5097
30.4148
30.3219
30.2308
30.1415
30.0541
29.9685
29.8848
29.8029
29.7228
29.6445
29.5681
29.4935
29.4208
29.3498
29.2807
29.2135
29.1481
29.0846
29.0229
28.963
28.905
28.8488
28.7946
28.7423
28.6919
28.6436
28.5974
28.5533
28.5114
28.4717
28.4344
28.3995
28.3671
28.3373
28.3102
28.2859
28.2644
28.2459
28.2305
28.2184
28.2095
28.2042
28.2024
28.2043
28.2101
28.2199
28.2338
28.252
28.2746
28.3018
28.3336
28.3703
28.4119
28.4586
28.5105
28.5677
28.6303
28.6983
28.7719
28.8511
28.936
29.0265
29.1226
29.2243
29.3316
29.4444
29.5625
29.6859
29.8144
29.9479
30.0861
30.2288
30.3758
30.5269
30.6819
30.8403
31.002
31.1667
31.334
31.5037
31.6756
31.8492
32.0244
32.2008
32.3782
32.5562
32.7348
32.9135
33.0922
33.2707
33.4487
33.626
33.8025
33.9779
34.1521
34.325
34.4964
34.6661
34.8363
35.007
35.178
35.3488
35.519
35.6881
35.8555
36.0207
36.1835
36.3435
36.5006
36.6546
36.8055
36.9532
37.0977
37.2388
37.3767
37.5112
37.6423
37.7701
37.8946
38.0156
38.1333
38.2476
38.3585
38.4661
38.5702
38.671
38.7684
38.8624
38.953
39.0403
39.1242
39.2047
39.2819
39.3557
39.4261
39.4931
39.5567
39.617
39.6738
39.7271
39.777
39.8234
39.8662
39.9054
39.941
39.9729
40.001
40.0254
40.0655
